i, j, k, f
0.025000 0.000000 0.200000 0.000000
0.075000 0.000000 0.200000 0.000000
0.125000 0.000000 0.200000 0.000000
0.175000 0.000000 0.200000 0.000000
0.225000 0.000000 0.200000 0.000000
0.275000 0.000000 0.200000 0.000000
0.325000 0.000000 0.200000 0.000000
0.375000 0.000000 0.200000 0.000000
0.425000 0.000000 0.200000 0.000000
0.475000 0.000000 0.200000 0.000000
0.525000 0.000000 0.200000 0.000000
0.575000 0.000000 0.200000 0.000000
0.625000 0.000000 0.200000 0.000000
0.675000 0.000000 0.200000 0.000000
0.725000 0.000000 0.200000 0.000000
0.775000 0.000000 0.200000 0.000000
0.825000 0.000000 0.200000 0.000000
0.875000 0.000000 0.200000 0.000000
0.925000 0.000000 0.200000 0.000000
0.975000 0.000000 0.200000 0.000000
0.025000 0.050000 0.200000 0.000392
0.075000 0.050000 0.200000 -0.000101
0.125000 0.050000 0.200000 0.000002
0.175000 0.050000 0.200000 0.000025
0.225000 0.050000 0.200000 0.000009
0.275000 0.050000 0.200000 0.000002
0.325000 0.050000 0.200000 0.000002
0.375000 0.050000 0.200000 0.000003
0.425000 0.050000 0.200000 0.000004
0.475000 0.050000 0.200000 0.000004
0.525000 0.050000 0.200000 0.000004
0.575000 0.050000 0.200000 0.000004
0.625000 0.050000 0.200000 0.000003
0.675000 0.050000 0.200000 0.000002
0.725000 0.050000 0.200000 0.000002
0.775000 0.050000 0.200000 0.000009
0.825000 0.050000 0.200000 0.000025
0.875000 0.050000 0.200000 0.000002
0.925000 0.050000 0.200000 -0.000101
0.975000 0.050000 0.200000 0.000392
0.025000 0.100000 0.200000 -0.000091
0.075000 0.100000 0.200000 -0.000035
0.125000 0.100000 0.200000 0.000005
0.175000 0.100000 0.200000 0.000006
0.225000 0.100000 0.200000 0.000002
0.275000 0.100000 0.200000 0.000001
0.325000 0.100000 0.200000 0.000001
0.375000 0.100000 0.200000 0.000002
0.425000 0.100000 0.200000 0.000002
0.475000 0.100000 0.200000 0.000002
0.525000 0.100000 0.200000 0.000002
0.575000 0.100000 0.200000 0.000002
0.625000 0.100000 0.200000 0.000002
0.675000 0.100000 0.200000 0.000001
0.725000 0.100000 0.200000 0.000001
0.775000 0.100000 0.200000 0.000002
0.825000 0.100000 0.200000 0.000006
0.875000 0.100000 0.200000 0.000005
0.925000 0.100000 0.200000 -0.000035
0.975000 0.100000 0.200000 -0.000091
0.025000 0.150000 0.200000 0.000022
0.075000 0.150000 0.200000 0.000011
0.125000 0.150000 0.200000 0.000001
0.175000 0.150000 0.200000 0.000005
0.225000 0.150000 0.200000 0.000008
0.275000 0.150000 0.200000 0.000009
0.325000 0.150000 0.200000 0.000009
0.375000 0.150000 0.200000 0.000009
0.425000 0.150000 0.200000 0.000009
0.475000 0.150000 0.200000 0.000009
0.525000 0.150000 0.200000 0.000009
0.575000 0.150000 0.200000 0.000009
0.625000 0.150000 0.200000 0.000009
0.675000 0.150000 0.200000 0.000009
0.725000 0.150000 0.200000 0.000009
0.775000 0.150000 0.200000 0.000008
0.825000 0.150000 0.200000 0.000005
0.875000 0.150000 0.200000 0.000001
0.925000 0.150000 0.200000 0.000011
0.975000 0.150000 0.200000 0.000022
0.025000 0.200000 0.200000 0.000012
0.075000 0.200000 0.200000 0.000003
0.125000 0.200000 0.200000 0.000002
0.175000 0.200000 0.200000 0.000006
0.225000 0.200000 0.200000 0.000008
0.275000 0.200000 0.200000 0.000008
0.325000 0.200000 0.200000 0.000008
0.375000 0.200000 0.200000 0.000008
0.425000 0.200000 0.200000 0.000008
0.475000 0.200000 0.200000 0.000008
0.525000 0.200000 0.200000 0.000008
0.575000 0.200000 0.200000 0.000008
0.625000 0.200000 0.200000 0.000008
0.675000 0.200000 0.200000 0.000008
0.725000 0.200000 0.200000 0.000008
0.775000 0.200000 0.200000 0.000008
0.825000 0.200000 0.200000 0.000006
0.875000 0.200000 0.200000 0.000002
0.925000 0.200000 0.200000 0.000004
0.975000 0.200000 0.200000 0.000012
0.025000 0.250000 0.200000 0.000002
0.075000 0.250000 0.200000 0.000004
0.125000 0.250000 0.200000 0.000007
0.175000 0.250000 0.200000 0.000010
0.225000 0.250000 0.200000 0.000011
0.275000 0.250000 0.200000 0.000011
0.325000 0.250000 0.200000 0.000011
0.375000 0.250000 0.200000 0.000012
0.425000 0.250000 0.200000 0.000012
0.475000 0.250000 0.200000 0.000012
0.525000 0.250000 0.200000 0.000012
0.575000 0.250000 0.200000 0.000012
0.625000 0.250000 0.200000 0.000012
0.675000 0.250000 0.200000 0.000012
0.725000 0.250000 0.200000 0.000011
0.775000 0.250000 0.200000 0.000011
0.825000 0.250000 0.200000 0.000010
0.875000 0.250000 0.200000 0.000008
0.925000 0.250000 0.200000 0.000004
0.975000 0.250000 0.200000 0.000002
0.025000 0.300000 0.200000 0.000001
0.075000 0.300000 0.200000 0.000005
0.125000 0.300000 0.200000 0.000008
0.175000 0.300000 0.200000 0.000010
0.225000 0.300000 0.200000 0.000011
0.275000 0.300000 0.200000 0.000012
0.325000 0.300000 0.200000 0.000013
0.375000 0.300000 0.200000 0.000013
0.425000 0.300000 0.200000 0.000014
0.475000 0.300000 0.200000 0.000014
0.525000 0.300000 0.200000 0.000014
0.575000 0.300000 0.200000 0.000014
0.625000 0.300000 0.200000 0.000013
0.675000 0.300000 0.200000 0.000013
0.725000 0.300000 0.200000 0.000012
0.775000 0.300000 0.200000 0.000011
0.825000 0.300000 0.200000 0.000010
0.875000 0.300000 0.200000 0.000008
0.925000 0.300000 0.200000 0.000005
0.975000 0.300000 0.200000 0.000001
0.025000 0.350000 0.200000 0.000001
0.075000 0.350000 0.200000 0.000005
0.125000 0.350000 0.200000 0.000008
0.175000 0.350000 0.200000 0.000010
0.225000 0.350000 0.200000 0.000012
0.275000 0.350000 0.200000 0.000013
0.325000 0.350000 0.200000 0.000014
0.375000 0.350000 0.200000 0.000015
0.425000 0.350000 0.200000 0.000015
0.475000 0.350000 0.200000 0.000015
0.525000 0.350000 0.200000 0.000015
0.575000 0.350000 0.200000 0.000015
0.625000 0.350000 0.200000 0.000015
0.675000 0.350000 0.200000 0.000014
0.725000 0.350000 0.200000 0.000014
0.775000 0.350000 0.200000 0.000012
0.825000 0.350000 0.200000 0.000011
0.875000 0.350000 0.200000 0.000008
0.925000 0.350000 0.200000 0.000005
0.975000 0.350000 0.200000 0.000001
0.025000 0.400000 0.200000 0.000002
0.075000 0.400000 0.200000 0.000005
0.125000 0.400000 0.200000 0.000008
0.175000 0.400000 0.200000 0.000011
0.225000 0.400000 0.200000 0.000013
0.275000 0.400000 0.200000 0.000014
0.325000 0.400000 0.200000 0.000015
0.375000 0.400000 0.200000 0.000016
0.425000 0.400000 0.200000 0.000016
0.475000 0.400000 0.200000 0.000017
0.525000 0.400000 0.200000 0.000017
0.575000 0.400000 0.200000 0.000016
0.625000 0.400000 0.200000 0.000016
0.675000 0.400000 0.200000 0.000015
0.725000 0.400000 0.200000 0.000015
0.775000 0.400000 0.200000 0.000013
0.825000 0.400000 0.200000 0.000011
0.875000 0.400000 0.200000 0.000009
0.925000 0.400000 0.200000 0.000006
0.975000 0.400000 0.200000 0.000002
0.025000 0.450000 0.200000 0.000002
0.075000 0.450000 0.200000 0.000006
0.125000 0.450000 0.200000 0.000009
0.175000 0.450000 0.200000 0.000011
0.225000 0.450000 0.200000 0.000013
0.275000 0.450000 0.200000 0.000015
0.325000 0.450000 0.200000 0.000016
0.375000 0.450000 0.200000 0.000017
0.425000 0.450000 0.200000 0.000017
0.475000 0.450000 0.200000 0.000017
0.525000 0.450000 0.200000 0.000017
0.575000 0.450000 0.200000 0.000017
0.625000 0.450000 0.200000 0.000017
0.675000 0.450000 0.200000 0.000016
0.725000 0.450000 0.200000 0.000015
0.775000 0.450000 0.200000 0.000014
0.825000 0.450000 0.200000 0.000012
0.875000 0.450000 0.200000 0.000009
0.925000 0.450000 0.200000 0.000006
0.975000 0.450000 0.200000 0.000002
0.025000 0.500000 0.200000 0.000002
0.075000 0.500000 0.200000 0.000006
0.125000 0.500000 0.200000 0.000009
0.175000 0.500000 0.200000 0.000011
0.225000 0.500000 0.200000 0.000013
0.275000 0.500000 0.200000 0.000015
0.325000 0.500000 0.200000 0.000016
0.375000 0.500000 0.200000 0.000017
0.425000 0.500000 0.200000 0.000017
0.475000 0.500000 0.200000 0.000018
0.525000 0.500000 0.200000 0.000018
0.575000 0.500000 0.200000 0.000017
0.625000 0.500000 0.200000 0.000017
0.675000 0.500000 0.200000 0.000016
0.725000 0.500000 0.200000 0.000015
0.775000 0.500000 0.200000 0.000014
0.825000 0.500000 0.200000 0.000012
0.875000 0.500000 0.200000 0.000009
0.925000 0.500000 0.200000 0.000006
0.975000 0.500000 0.200000 0.000002
0.025000 0.550000 0.200000 0.000002
0.075000 0.550000 0.200000 0.000006
0.125000 0.550000 0.200000 0.000009
0.175000 0.550000 0.200000 0.000011
0.225000 0.550000 0.200000 0.000013
0.275000 0.550000 0.200000 0.000015
0.325000 0.550000 0.200000 0.000016
0.375000 0.550000 0.200000 0.000017
0.425000 0.550000 0.200000 0.000017
0.475000 0.550000 0.200000 0.000017
0.525000 0.550000 0.200000 0.000017
0.575000 0.550000 0.200000 0.000017
0.625000 0.550000 0.200000 0.000017
0.675000 0.550000 0.200000 0.000016
0.725000 0.550000 0.200000 0.000015
0.775000 0.550000 0.200000 0.000014
0.825000 0.550000 0.200000 0.000012
0.875000 0.550000 0.200000 0.000009
0.925000 0.550000 0.200000 0.000006
0.975000 0.550000 0.200000 0.000002
0.025000 0.600000 0.200000 0.000002
0.075000 0.600000 0.200000 0.000005
0.125000 0.600000 0.200000 0.000008
0.175000 0.600000 0.200000 0.000011
0.225000 0.600000 0.200000 0.000013
0.275000 0.600000 0.200000 0.000014
0.325000 0.600000 0.200000 0.000015
0.375000 0.600000 0.200000 0.000016
0.425000 0.600000 0.200000 0.000016
0.475000 0.600000 0.200000 0.000017
0.525000 0.600000 0.200000 0.000017
0.575000 0.600000 0.200000 0.000016
0.625000 0.600000 0.200000 0.000016
0.675000 0.600000 0.200000 0.000015
0.725000 0.600000 0.200000 0.000014
0.775000 0.600000 0.200000 0.000013
0.825000 0.600000 0.200000 0.000011
0.875000 0.600000 0.200000 0.000009
0.925000 0.600000 0.200000 0.000006
0.975000 0.600000 0.200000 0.000002
0.025000 0.650000 0.200000 0.000001
0.075000 0.650000 0.200000 0.000005
0.125000 0.650000 0.200000 0.000008
0.175000 0.650000 0.200000 0.000010
0.225000 0.650000 0.200000 0.000012
0.275000 0.650000 0.200000 0.000013
0.325000 0.650000 0.200000 0.000014
0.375000 0.650000 0.200000 0.000015
0.425000 0.650000 0.200000 0.000015
0.475000 0.650000 0.200000 0.000015
0.525000 0.650000 0.200000 0.000015
0.575000 0.650000 0.200000 0.000015
0.625000 0.650000 0.200000 0.000015
0.675000 0.650000 0.200000 0.000014
0.725000 0.650000 0.200000 0.000014
0.775000 0.650000 0.200000 0.000012
0.825000 0.650000 0.200000 0.000011
0.875000 0.650000 0.200000 0.000008
0.925000 0.650000 0.200000 0.000005
0.975000 0.650000 0.200000 0.000002
0.025000 0.700000 0.200000 0.000002
0.075000 0.700000 0.200000 0.000005
0.125000 0.700000 0.200000 0.000008
0.175000 0.700000 0.200000 0.000010
0.225000 0.700000 0.200000 0.000011
0.275000 0.700000 0.200000 0.000012
0.325000 0.700000 0.200000 0.000013
0.375000 0.700000 0.200000 0.000013
0.425000 0.700000 0.200000 0.000014
0.475000 0.700000 0.200000 0.000014
0.525000 0.700000 0.200000 0.000014
0.575000 0.700000 0.200000 0.000014
0.625000 0.700000 0.200000 0.000013
0.675000 0.700000 0.200000 0.000013
0.725000 0.700000 0.200000 0.000012
0.775000 0.700000 0.200000 0.000011
0.825000 0.700000 0.200000 0.000010
0.875000 0.700000 0.200000 0.000008
0.925000 0.700000 0.200000 0.000005
0.975000 0.700000 0.200000 0.000002
0.025000 0.750000 0.200000 0.000002
0.075000 0.750000 0.200000 0.000005
0.125000 0.750000 0.200000 0.000007
0.175000 0.750000 0.200000 0.000009
0.225000 0.750000 0.200000 0.000010
0.275000 0.750000 0.200000 0.000011
0.325000 0.750000 0.200000 0.000011
0.375000 0.750000 0.200000 0.000011
0.425000 0.750000 0.200000 0.000012
0.475000 0.750000 0.200000 0.000012
0.525000 0.750000 0.200000 0.000012
0.575000 0.750000 0.200000 0.000012
0.625000 0.750000 0.200000 0.000012
0.675000 0.750000 0.200000 0.000011
0.725000 0.750000 0.200000 0.000011
0.775000 0.750000 0.200000 0.000010
0.825000 0.750000 0.200000 0.000009
0.875000 0.750000 0.200000 0.000007
0.925000 0.750000 0.200000 0.000005
0.975000 0.750000 0.200000 0.000003
0.025000 0.800000 0.200000 0.000004
0.075000 0.800000 0.200000 0.000005
0.125000 0.800000 0.200000 0.000005
0.175000 0.800000 0.200000 0.000007
0.225000 0.800000 0.200000 0.000008
0.275000 0.800000 0.200000 0.000009
0.325000 0.800000 0.200000 0.000009
0.375000 0.800000 0.200000 0.000009
0.425000 0.800000 0.200000 0.000009
0.475000 0.800000 0.200000 0.000010
0.525000 0.800000 0.200000 0.000010
0.575000 0.800000 0.200000 0.000009
0.625000 0.800000 0.200000 0.000009
0.675000 0.800000 0.200000 0.000009
0.725000 0.800000 0.200000 0.000009
0.775000 0.800000 0.200000 0.000008
0.825000 0.800000 0.200000 0.000007
0.875000 0.800000 0.200000 0.000005
0.925000 0.800000 0.200000 0.000005
0.975000 0.800000 0.200000 0.000004
0.025000 0.850000 0.200000 -0.000000
0.075000 0.850000 0.200000 0.000004
0.125000 0.850000 0.200000 0.000004
0.175000 0.850000 0.200000 0.000005
0.225000 0.850000 0.200000 0.000006
0.275000 0.850000 0.200000 0.000006
0.325000 0.850000 0.200000 0.000007
0.375000 0.850000 0.200000 0.000007
0.425000 0.850000 0.200000 0.000007
0.475000 0.850000 0.200000 0.000007
0.525000 0.850000 0.200000 0.000007
0.575000 0.850000 0.200000 0.000007
0.625000 0.850000 0.200000 0.000007
0.675000 0.850000 0.200000 0.000007
0.725000 0.850000 0.200000 0.000007
0.775000 0.850000 0.200000 0.000006
0.825000 0.850000 0.200000 0.000005
0.875000 0.850000 0.200000 0.000004
0.925000 0.850000 0.200000 0.000004
0.975000 0.850000 0.200000 -0.000000
0.025000 0.900000 0.200000 -0.000009
0.075000 0.900000 0.200000 -0.000006
0.125000 0.900000 0.200000 0.000005
0.175000 0.900000 0.200000 0.000006
0.225000 0.900000 0.200000 0.000005
0.275000 0.900000 0.200000 0.000004
0.325000 0.900000 0.200000 0.000005
0.375000 0.900000 0.200000 0.000005
0.425000 0.900000 0.200000 0.000005
0.475000 0.900000 0.200000 0.000005
0.525000 0.900000 0.200000 0.000005
0.575000 0.900000 0.200000 0.000005
0.625000 0.900000 0.200000 0.000005
0.675000 0.900000 0.200000 0.000005
0.725000 0.900000 0.200000 0.000005
0.775000 0.900000 0.200000 0.000005
0.825000 0.900000 0.200000 0.000006
0.875000 0.900000 0.200000 0.000005
0.925000 0.900000 0.200000 -0.000006
0.975000 0.900000 0.200000 -0.000009
0.025000 0.950000 0.200000 0.000093
0.075000 0.950000 0.200000 -0.000020
0.125000 0.950000 0.200000 -0.000001
0.175000 0.950000 0.200000 0.000006
0.225000 0.950000 0.200000 0.000004
0.275000 0.950000 0.200000 0.000002
0.325000 0.950000 0.200000 0.000001
0.375000 0.950000 0.200000 0.000002
0.425000 0.950000 0.200000 0.000002
0.475000 0.950000 0.200000 0.000002
0.525000 0.950000 0.200000 0.000002
0.575000 0.950000 0.200000 0.000002
0.625000 0.950000 0.200000 0.000002
0.675000 0.950000 0.200000 0.000001
0.725000 0.950000 0.200000 0.000002
0.775000 0.950000 0.200000 0.000004
0.825000 0.950000 0.200000 0.000006
0.875000 0.950000 0.200000 -0.000001
0.925000 0.950000 0.200000 -0.000020
0.975000 0.950000 0.200000 0.000093
0.025000 1.000000 0.200000 0.000000
0.075000 1.000000 0.200000 0.000000
0.125000 1.000000 0.200000 0.000000
0.175000 1.000000 0.200000 0.000000
0.225000 1.000000 0.200000 0.000000
0.275000 1.000000 0.200000 0.000000
0.325000 1.000000 0.200000 0.000000
0.375000 1.000000 0.200000 0.000000
0.425000 1.000000 0.200000 0.000000
0.475000 1.000000 0.200000 0.000000
0.525000 1.000000 0.200000 0.000000
0.575000 1.000000 0.200000 0.000000
0.625000 1.000000 0.200000 0.000000
0.675000 1.000000 0.200000 0.000000
0.725000 1.000000 0.200000 0.000000
0.775000 1.000000 0.200000 0.000000
0.825000 1.000000 0.200000 0.000000
0.875000 1.000000 0.200000 0.000000
0.925000 1.000000 0.200000 0.000000
0.975000 1.000000 0.200000 0.000000
